A 56 58 34
B 49 55 34
C 72 81 97
D 25 23 10
E 22 15 92
F 23 34 45
G 12 22 90
H 29 46 18
I 10 46 28
J 36 44 38
K 92 74 36
L 83 46 27
M 37 29 34
N 23 83 11
O 99 20 23
P 92 37 22
Q 37 56 54
R 23 34 32
S 76 45 92
T 28 34 45
U 28 37 94
V 84 67 33
W 93 45 34
X 34 45 23
Y 23 88 82
Z 74 76 12
A 18 74 32
B 34 21 78
C 65 14 24
D 23 87 34
E 11 56 25
F 91 74 62
G 45 26 48
H 93 83 76
I 72 27 12
J 34 44 66
K 54 82 11
L 67 33 90
M 24 78 15
N 60 41 88
O 19 52 73
P 27 95 61
Q 38 44 21
R 65 89 12
S 77 36 50
T 99 14 58
U 23 71 46
V 83 10 66
W 31 94 28
X 55 70 18
Y 49 87 26
Z 62 34 91
A 16 59 43
B 80 20 75
C 30 97 13
D 69 47 85
E 22 64 39
F 93 17 56
G 42 81 29
H 74 32 96
I 11 68 45
J 86 25 63
K 37 92 72
L 19 48 84
M 51 60 35
N 98 15 57
O 40 89 21
P 76 33 99
Q 14 61 44
R 72 15 88
S 34 61 90
T 22 47 53
U 11 81 39
V 65 29 99
W 42 18 77
X 50 33 69
Y 44 85 27
Z 49 91 10
A 58 36 73
B 94 21 45
C 62 88 17
D 30 55 96
E 25 78 12
F 40 67 89
G 31 52 93
H 20 71 16
I 48 64 82
J 35 59 97
K 24 70 13
L 43 60 86
M 28 51 92
N 19 74 38
O 56 80 23
P 46 63 87
Q 32 54 95
R 26 76 10
S 41 68 83
T 37 57 98
U 29 75 44
V 66 84 33
W 50 99 21
X 79 15 47
Y 12 46 23
Z 93 22 57